0,49
0,316
0,48
0,314
0,277
0,274
0,269
0,6
0,268
0,267
0,266
0,265
0,264
0,263
0,261
0,386
0,260
33,5
33,4
33,3
33,2
0,259
33,1
33,0
0,256
0,258
0,257
0,255
0,254
0,253
0,252
0,251
0,250
0,248
0,247
32,3
32,2
0,246
32,1
32,0
0,242
0,245
0,244
0,241
0,240
0,239
0,238
0,237
0,236
0,235
0,233
0,232
31,3
31,2
0,231
31,1
31,0
0,228
0,230
0,229
0,227
0,226
0,225
0,224
0,223
0,222
0,221
0,220
0,219
0,217
0,216
30,4
30,3
30,2
0,215
30,1
30,0
0,213
0,212
0,208
0,207
0,206
0,205
29,3
29,2
29,1
29,0
0,199
0,302
0,319
0,196
25,6
25,5
25,4
0,299
0,63
0,59
0,318
0,56
28,4
28,3
28,2
0,287
28,1
28,0
0,2
0,47
0,278
0,312
0,46
0,311
0,45
0,310
0,204
0,309
0,308
27,5
27,4
27,3
27,2
0,12
0,307
27,1
27,0
0,305
0,304
26,3
26,2
0,303
26,1
26,0
0,198
0,197
0,300
0,298
0,297
25,3
25,2
0,296
25,1
25,0
0,295
0,293
0,292
24,3
24,2
0,291
24,1
24,0
0,58
0,243
0,57
0,288
0,286
14,3
0,285
13,3
0,272
0,271
23,3
23,2
0,11
0,275
0,276
0,10
0,9
0,284
0,8
23,1
23,0
0,7
3,3
0,51
0,5
11,28
10,309
0,543
10,308
0,542
10,307
10,306
0,541
10,305
0,540
10,304
10,303
0,539
10,302
0,538
10,301
0,537
10,300
8,17
8,16
10,299
0,536
10,298
0,535
10,297
11,27
0,534
10,296
10,295
0,533
10,294
0,532
10,293
10,292
0,531
10,291
0,530
10,290
10,289
0,529
10,288
0,528
10,287
10,286
0,527
10,285
11,26
